    4000.0      0.28905E-13
    4052.1      0.87049E-13
    4104.2      0.24914E-12
    4156.3      0.67979E-12
    4208.4      0.17715E-11
    4260.5      0.44232E-11
    4312.6      0.10606E-10
    4364.7      0.24474E-10
    4416.8      0.54452E-10
    4468.9      0.11712E-09
    4521.0      0.24382E-09
    4573.1      0.49206E-09
    4625.3      0.96455E-09
    4677.4      0.18395E-08
    4729.5      0.34166E-08
    4781.6      0.61879E-08
    4833.7      0.10944E-07
    4885.8      0.18920E-07
    4937.9      0.32017E-07
    4990.0      0.53081E-07
    5042.1      0.86306E-07
    5094.2      0.13782E-06
    5146.3      0.21620E-06
    5198.4      0.33340E-06
    5250.5      0.50588E-06
    5302.6      0.75593E-06
    5354.7      0.11133E-05
    5406.8      0.16167E-05
    5458.9      0.23164E-05
    5511.0      0.32776E-05
    5563.1      0.45811E-05
    5615.2      0.63286E-05
    5667.3      0.86459E-05
    5719.4      0.11685E-04
    5771.5      0.15632E-04
    5823.6      0.20707E-04
    5875.8      0.27171E-04
    5927.9      0.35335E-04
    5980.0      0.45559E-04
    6032.1      0.58259E-04
    6084.2      0.73906E-04
    6136.3      0.93036E-04
    6188.4      0.11625E-03
    6240.5      0.14425E-03
    6292.6      0.17776E-03
    6344.7      0.21762E-03
    6396.8      0.26491E-03
    6448.9      0.32050E-03
    6501.0      0.38538E-03
    6553.1      0.46082E-03
    6605.2      0.54810E-03
    6657.3      0.64857E-03
    6709.4      0.76373E-03
    6761.5      0.89500E-03
    6813.6      0.10440E-02
    6865.7      0.12124E-02
    6917.8      0.14018E-02
    6969.9      0.16141E-02
    7022.0      0.18513E-02
    7074.1      0.21151E-02
    7126.3      0.24076E-02
    7178.4      0.27306E-02
    7230.5      0.30862E-02
    7282.6      0.34764E-02
    7334.7      0.39034E-02
    7386.8      0.43694E-02
    7438.9      0.48760E-02
    7491.0      0.54256E-02
    7543.1      0.60198E-02
    7595.2      0.66610E-02
    7647.3      0.73508E-02
    7699.4      0.80915E-02
    7751.5      0.88850E-02
    7803.6      0.97327E-02
    7855.7      0.10637E-01
    7907.8      0.11598E-01
    7959.9      0.12620E-01
    8012.0      0.13702E-01
    8064.1      0.14847E-01
    8116.2      0.16056E-01
    8168.3      0.17329E-01
    8220.4      0.18669E-01
    8272.5      0.20076E-01
    8324.6      0.21551E-01
    8376.8      0.23095E-01
    8428.9      0.24709E-01
    8481.0      0.26394E-01
    8533.1      0.28150E-01
    8585.2      0.29977E-01
    8637.3      0.31877E-01
    8689.4      0.33849E-01
    8741.5      0.35893E-01
    8793.6      0.38010E-01
    8845.7      0.40199E-01
    8897.8      0.42460E-01
    8949.9      0.44792E-01
    9002.0      0.47196E-01
    9054.1      0.49673E-01
    9106.2      0.52220E-01
    9158.3      0.54837E-01
    9210.4      0.57524E-01
    9262.5      0.60279E-01
    9314.6      0.63101E-01
    9366.7      0.65991E-01
    9418.8      0.68947E-01
    9470.9      0.71968E-01
    9523.0      0.75055E-01
    9575.2      0.78203E-01
    9627.3      0.81414E-01
    9679.4      0.84686E-01
    9731.5      0.88017E-01
    9783.6      0.91406E-01
    9835.7      0.94852E-01
    9887.8      0.98352E-01
    9939.9      0.10191    
    9992.0      0.10551    
    10044.      0.10917    
    10096.      0.11288    
    10148.      0.11664    
    10200.      0.12044    
    10253.      0.12429    
    10305.      0.12819    
    10357.      0.13212    
    10409.      0.13609    
    10461.      0.14011    
    10513.      0.14416    
    10565.      0.14825    
    10617.      0.15238    
    10669.      0.15653    
    10721.      0.16072    
    10774.      0.16494    
    10826.      0.16918    
    10878.      0.17346    
    10930.      0.17775    
    10982.      0.18208    
    11034.      0.18642    
    11086.      0.19078    
    11138.      0.19517    
    11190.      0.19958    
    11242.      0.20400    
    11295.      0.20844    
    11347.      0.21289    
    11399.      0.21735    
    11451.      0.22183    
    11503.      0.22631    
    11555.      0.23081    
    11607.      0.23532    
    11659.      0.23983    
    11711.      0.24434    
    11764.      0.24887    
    11816.      0.25339    
    11868.      0.25792    
    11920.      0.26245    
    11972.      0.26698    
    12024.      0.27151    
    12076.      0.27604    
    12128.      0.28057    
    12180.      0.28509    
    12232.      0.28960    
    12285.      0.29412    
    12337.      0.29862    
    12389.      0.30312    
    12441.      0.30761    
    12493.      0.31209    
    12545.      0.31657    
    12597.      0.32103    
    12649.      0.32549    
    12701.      0.32993    
    12754.      0.33436    
    12806.      0.33878    
    12858.      0.34318    
    12910.      0.34757    
    12962.      0.35195    
    13014.      0.35631    
    13066.      0.36065    
    13118.      0.36498    
    13170.      0.36930    
    13222.      0.37359    
    13275.      0.37787    
    13327.      0.38213    
    13379.      0.38638    
    13431.      0.39060    
    13483.      0.39481    
    13535.      0.39899    
    13587.      0.40316    
    13639.      0.40730    
    13691.      0.41143    
    13743.      0.41553    
    13796.      0.41962    
    13848.      0.42368    
    13900.      0.42772    
    13952.      0.43174    
    14004.      0.43574    
    14056.      0.43972    
    14108.      0.44367    
    14160.      0.44760    
    14212.      0.45151    
    14265.      0.45540    
    14317.      0.45926    
    14369.      0.46310    
    14421.      0.46691    
    14473.      0.47071    
    14525.      0.47448    
    14577.      0.47822    
    14629.      0.48195    
    14681.      0.48565    
    14733.      0.48932    
    14786.      0.49297    
    14838.      0.49660    
    14890.      0.50020    
    14942.      0.50378    
    14994.      0.50734    
    15046.      0.51087    
    15098.      0.51438    
    15150.      0.51787    
    15202.      0.52133    
    15255.      0.52477    
    15307.      0.52818    
    15359.      0.53157    
    15411.      0.53494    
    15463.      0.53828    
    15515.      0.54160    
    15567.      0.54489    
    15619.      0.54816    
    15671.      0.55141    
    15723.      0.55464    
    15776.      0.55784    
    15828.      0.56101    
    15880.      0.56417    
    15932.      0.56730    
    15984.      0.57040    
    16036.      0.57349    
    16088.      0.57655    
    16140.      0.57959    
    16192.      0.58260    
    16244.      0.58559    
    16297.      0.58856    
    16349.      0.59151    
    16401.      0.59443    
    16453.      0.59733    
    16505.      0.60021    
    16557.      0.60307    
    16609.      0.60590    
    16661.      0.60872    
    16713.      0.61151    
    16766.      0.61428    
    16818.      0.61702    
    16870.      0.61975    
    16922.      0.62245    
    16974.      0.62514    
    17026.      0.62780    
    17078.      0.63044    
    17130.      0.63306    
    17182.      0.63566    
    17234.      0.63823    
    17287.      0.64079    
    17339.      0.64333    
    17391.      0.64585    
    17443.      0.64834    
    17495.      0.65082    
    17547.      0.65328    
    17599.      0.65572    
    17651.      0.65813    
    17703.      0.66053    
    17756.      0.66291    
    17808.      0.66527    
    17860.      0.66761    
    17912.      0.66994    
    17964.      0.67224    
    18016.      0.67452    
    18068.      0.67679    
    18120.      0.67904    
    18172.      0.68127    
    18224.      0.68348    
    18277.      0.68567    
    18329.      0.68785    
    18381.      0.69001    
    18433.      0.69215    
    18485.      0.69427    
    18537.      0.69637    
    18589.      0.69846    
    18641.      0.70053    
    18693.      0.70259    
    18745.      0.70463    
    18798.      0.70665    
    18850.      0.70865    
    18902.      0.71064    
    18954.      0.71261    
    19006.      0.71457    
    19058.      0.71651    
    19110.      0.71843    
    19162.      0.72034    
    19214.      0.72223    
    19267.      0.72411    
    19319.      0.72597    
    19371.      0.72782    
    19423.      0.72965    
    19475.      0.73146    
    19527.      0.73327    
    19579.      0.73506    
    19631.      0.73683    
    19683.      0.73859    
    19735.      0.74033    
    19788.      0.74206    
    19840.      0.74377    
    19892.      0.74548    
    19944.      0.74717    
    19996.      0.74884    
    20048.      0.75050    
    20100.      0.75215    
    20152.      0.75379    
    20204.      0.75541    
    20257.      0.75702    
    20309.      0.75861    
    20361.      0.76019    
    20413.      0.76176    
    20465.      0.76332    
    20517.      0.76486    
    20569.      0.76639    
    20621.      0.76791    
    20673.      0.76941    
    20725.      0.77090    
    20778.      0.77238    
    20830.      0.77385    
    20882.      0.77531    
    20934.      0.77675    
    20986.      0.77819    
    21038.      0.77961    
    21090.      0.78102    
    21142.      0.78242    
    21194.      0.78380    
    21246.      0.78518    
    21299.      0.78654    
    21351.      0.78789    
    21403.      0.78924    
    21455.      0.79057    
    21507.      0.79189    
    21559.      0.79320    
    21611.      0.79450    
    21663.      0.79578    
    21715.      0.79706    
    21768.      0.79833    
    21820.      0.79959    
    21872.      0.80083    
    21924.      0.80207    
    21976.      0.80330    
    22028.      0.80452    
    22080.      0.80572    
    22132.      0.80692    
    22184.      0.80811    
    22236.      0.80929    
    22289.      0.81046    
    22341.      0.81162    
    22393.      0.81277    
    22445.      0.81391    
    22497.      0.81504    
    22549.      0.81617    
    22601.      0.81728    
    22653.      0.81839    
    22705.      0.81948    
    22758.      0.82057    
    22810.      0.82165    
    22862.      0.82272    
    22914.      0.82378    
    22966.      0.82484    
    23018.      0.82588    
    23070.      0.82692    
    23122.      0.82795    
    23174.      0.82897    
    23226.      0.82998    
    23279.      0.83099    
    23331.      0.83199    
    23383.      0.83298    
    23435.      0.83396    
    23487.      0.83493    
    23539.      0.83590    
    23591.      0.83686    
    23643.      0.83781    
    23695.      0.83875    
    23747.      0.83969    
    23800.      0.84062    
    23852.      0.84154    
    23904.      0.84246    
    23956.      0.84336    
    24008.      0.84426    
    24060.      0.84516    
    24112.      0.84605    
    24164.      0.84693    
    24216.      0.84780    
    24269.      0.84867    
    24321.      0.84953    
    24373.      0.85038    
    24425.      0.85123    
    24477.      0.85207    
    24529.      0.85290    
    24581.      0.85373    
    24633.      0.85455    
    24685.      0.85537    
    24737.      0.85618    
    24790.      0.85698    
    24842.      0.85778    
    24894.      0.85857    
    24946.      0.85935    
    24998.      0.86013    
    25050.      0.86090    
    25102.      0.86167    
    25154.      0.86243    
    25206.      0.86319    
    25259.      0.86394    
    25311.      0.86468    
    25363.      0.86542    
    25415.      0.86615    
    25467.      0.86688    
    25519.      0.86760    
    25571.      0.86832    
    25623.      0.86903    
    25675.      0.86974    
    25727.      0.87044    
    25780.      0.87114    
    25832.      0.87183    
    25884.      0.87251    
    25936.      0.87319    
    25988.      0.87387    
    26040.      0.87454    
    26092.      0.87521    
    26144.      0.87587    
    26196.      0.87652    
    26248.      0.87717    
    26301.      0.87782    
    26353.      0.87846    
    26405.      0.87910    
    26457.      0.87973    
    26509.      0.88036    
    26561.      0.88098    
    26613.      0.88160    
    26665.      0.88221    
    26717.      0.88282    
    26770.      0.88343    
    26822.      0.88403    
    26874.      0.88463    
    26926.      0.88522    
    26978.      0.88581    
    27030.      0.88639    
    27082.      0.88697    
    27134.      0.88755    
    27186.      0.88812    
    27238.      0.88868    
    27291.      0.88925    
    27343.      0.88981    
    27395.      0.89036    
    27447.      0.89091    
    27499.      0.89146    
    27551.      0.89200    
    27603.      0.89254    
    27655.      0.89308    
    27707.      0.89361    
    27760.      0.89414    
    27812.      0.89466    
    27864.      0.89518    
    27916.      0.89570    
    27968.      0.89622    
    28020.      0.89672    
    28072.      0.89723    
    28124.      0.89773    
    28176.      0.89823    
    28228.      0.89873    
    28281.      0.89922    
    28333.      0.89971    
    28385.      0.90020    
    28437.      0.90068    
    28489.      0.90116    
    28541.      0.90163    
    28593.      0.90210    
    28645.      0.90257    
    28697.      0.90304    
    28750.      0.90350    
    28802.      0.90396    
    28854.      0.90442    
    28906.      0.90487    
    28958.      0.90532    
    29010.      0.90577    
    29062.      0.90621    
    29114.      0.90665    
    29166.      0.90709    
    29218.      0.90752    
    29271.      0.90796    
    29323.      0.90839    
    29375.      0.90881    
    29427.      0.90923    
    29479.      0.90965    
    29531.      0.91007    
    29583.      0.91049    
    29635.      0.91090    
    29687.      0.91131    
    29739.      0.91171    
    29792.      0.91212    
    29844.      0.91252    
    29896.      0.91292    
    29948.      0.91331    
    30000.      0.91370    
